Bin_1 Bin_2 Bin_3 Bin_4 Bin_5 Bin_6 Bin_7 Bin_8 Bin_9 Bin_10 Bin_11 Bin_12
0.0483355846924152 0.0618719006026159 0.0719335001171573 0.0771460683813888 0.0838275314901558 0.0826898224698129 0.0830091481159285 0.092604040104775 0.0973842642009146 0.0977394657739284 0.101303133538696 0.102155540512212
0.0565094011144788 0.0719560602631059 0.0784388509591551 0.0791494025836563 0.0841517099153868 0.0819606789424341 0.0826715064953162 0.0882100693948373 0.0900812366474275 0.0911752464917679 0.0988849134182642 0.0968109237741699
0.0245285318234033 0.0340598853818747 0.0491485443901883 0.0617606193387986 0.076141445360179 0.0809598819801268 0.0905116101002537 0.101817405740713 0.110584017737909 0.116625206129401 0.124538561525294 0.129324290491859
0.0342551580139051 0.0437075020445658 0.0580871171559725 0.0660993321252574 0.0803067689682905 0.0871155042901802 0.0890193357637509 0.0973374927132428 0.102737525644268 0.106715443280033 0.116100569462279 0.118518250538256
0.0386046717788381 0.044113572464438 0.0571984430515183 0.0682675797702517 0.0794142771695751 0.0822374219950245 0.0908909917892839 0.0988748771218475 0.105330587403329 0.105661427168698 0.11251823465774 0.116887915629456
0.0276034886579164 0.0399676664290661 0.0526926141517569 0.0627961282619776 0.0742777838560341 0.0810599509843245 0.0884447061177308 0.0992613921733466 0.107833361544717 0.113400394509378 0.124018946943192 0.128643566370559
0.0488339249307427 0.0651605242962279 0.0769151341869678 0.0800167136149292 0.0854792853627667 0.0843082635317008 0.0900686182217177 0.0922139517236757 0.0927833272675065 0.0920596407593182 0.0968904623244534 0.0952701537799935
0.0378659667766291 0.0498265728856998 0.062096238200769 0.0688517184538835 0.0786111857054422 0.0844744193421125 0.0869426142042887 0.0948207658435272 0.102333201756354 0.105337179694168 0.112992621854214 0.115847515282912
0.0432192524105088 0.0584186640252822 0.0707373423662416 0.0759316746351427 0.0845993912177179 0.0849199492688195 0.0924859804844252 0.0929321144067884 0.0953270933786303 0.0970385498139283 0.101226799794871 0.103163188197644
0.0522489437977439 0.0673145406077929 0.0750086209050876 0.0795528829362185 0.0842048498863984 0.0828333829131017 0.0907058723264476 0.0922902362905165 0.094377413545855 0.0913490668308875 0.0931548795284603 0.0969593104314901
0.0483939329309312 0.0614817573035151 0.0707465514612126 0.0758518748323862 0.0818946437274 0.0838222794665098 0.0903952022356311 0.093112927586826 0.0960249703217816 0.0960759997589357 0.100323727473593 0.101876132901278
0.0351469563216947 0.0494510207478134 0.0608386161611831 0.0684341834143781 0.0798497158496635 0.0830271713416009 0.0888222375858454 0.0970826101081591 0.103443360636597 0.105971014806562 0.112260580607602 0.115672532418901
0.0507974415413092 0.0641177624890794 0.0726011939344698 0.075962683350898 0.082080735929276 0.0829623596553394 0.087810583980932 0.091556824674407 0.0949544913564354 0.0954518922444223 0.0994558861588798 0.102248144684552
0.0281635321259843 0.038247880109574 0.0523784081166253 0.0640357001985631 0.0779801929643637 0.0844144232048179 0.0914303037639415 0.101696641158566 0.109644609794129 0.11163194519299 0.118848002804517 0.121528360565929
0.0447378840676527 0.0569306240828932 0.0661370642660356 0.0750556701651101 0.0816567773259249 0.0851685838525837 0.089309556982792 0.0959565052271963 0.09761069673887 0.098823279947329 0.102696475221527 0.105916882122086
0.064182956267443 0.0846819655035157 0.0901556734151906 0.0854293762016092 0.0905427394418316 0.0863760619470727 0.0844735896856924 0.0838165926446599 0.0828757285809351 0.0828399008424685 0.0835856863356485 0.0810397291339327
0.0250291643751774 0.0320639380354716 0.0479235429940489 0.0640291459209573 0.0804626251958956 0.0840329914487955 0.0930485496667877 0.103826126684998 0.111000392528936 0.114059028420825 0.120650250210355 0.123874244517753
0.0416454374726421 0.0549329301261499 0.0666484493047759 0.0722238025136652 0.0812278833320253 0.0824435915549822 0.0878234832054372 0.0954205403183184 0.0993539745534789 0.102328348916601 0.107891313725917 0.108060244976007
0.0337409744351667 0.0433572411364655 0.0568736948940056 0.0677738020561921 0.0812586763959975 0.0831267490662879 0.0894419384714182 0.0999040122006742 0.10606748018504 0.108801864773137 0.114081895469563 0.115571670916053
0.028315015382588 0.0388841667756594 0.0526356907208126 0.065040440569704 0.0784166188588588 0.0833162202230879 0.0910004936924232 0.102402660795001 0.109041739986558 0.111823244748711 0.118096386807201 0.121027321439396
0.0347447018313645 0.0441503236242416 0.0576069728603184 0.0669766718165646 0.0781018612490314 0.0831362196361951 0.0884867852423355 0.097872993479102 0.105191631206448 0.108174935430829 0.117741599541983 0.117815304081587
0.0367569176771952 0.049581080098147 0.0592560586815618 0.0669847132201218 0.0765510463802603 0.0802361526024463 0.0871239750385405 0.0974299819171854 0.10412846521198 0.107655881896708 0.114854365681697 0.119441361594157
0.0500505465258194 0.0601477035165266 0.0693955614371459 0.0736198516004309 0.0821949950592598 0.0831974449291448 0.0883111157715386 0.0931948385056224 0.0966811407308048 0.0974607643179492 0.102046980044369 0.103699057561389
0.0392863256172816 0.0529526191009974 0.0624739518947476 0.0685782858003163 0.0772813009965772 0.0811101313490282 0.0862750204500029 0.0949783778296975 0.100025068242669 0.107028378496894 0.114205127388209 0.11580541283358
0.0331264761061551 0.0516987788793826 0.0600351724764952 0.0649550681100321 0.0722457502687498 0.0751073351143032 0.0843361490588937 0.0958822805282447 0.10319563406175 0.108899771985861 0.122545613363184 0.127971970046949
0.0341803479123124 0.0460990658816372 0.0581007815422873 0.0643362504427332 0.0741764433856946 0.0754508833701558 0.0863989249595731 0.0969396727421458 0.104882855103883 0.110292438101624 0.122465199981896 0.126677136576058
0.0475394025938774 0.0544218307789269 0.0680666854917248 0.0748033169659734 0.0820411350744668 0.0859898731046503 0.0988237286971872 0.0942861589722847 0.106089070284385 0.0977606371411246 0.0974119280277093 0.0927662328676895
0.0258208979440612 0.0320909381101161 0.0480778811120389 0.0599014210352627 0.0748835349261305 0.0779776437147029 0.0868770350404329 0.105800618638072 0.116196109000982 0.120740218570528 0.125287545881281 0.126346156026392
0.0221034244079147 0.0279073223291015 0.0410162509228097 0.0537887065902082 0.0704644414775845 0.0858951357660853 0.0836867552140449 0.103278819571903 0.113568687282134 0.121942798878835 0.144499055691494 0.131848601867884
0.0597018887635354 0.0826926474662023 0.0891658068120311 0.0856333592731106 0.0866876260400302 0.0825040434240632 0.0781921481581397 0.0874651552616515 0.0893299144030918 0.087594255767547 0.0858283865709104 0.0852047680596869
0.0400725143280443 0.053383340354306 0.0654256790462307 0.0707844520202612 0.0789693135525521 0.078990261731563 0.087113964584903 0.0975403779475992 0.102852570001754 0.103937158551442 0.109767823734464 0.11116254414688
0.0368990790850688 0.0505188854329844 0.06366438936129 0.0731123479558814 0.0834557489749496 0.0853954039401117 0.0864482338209741 0.0946594312143602 0.100761695875797 0.104550472788056 0.109100675122961 0.111433636427565
0.0349242526626385 0.0501185785382908 0.061020333942197 0.0685184115161604 0.077698318364803 0.0818491373926273 0.0878290053047528 0.0970857730540279 0.103176439680882 0.106051025062704 0.113931980143993 0.117796744336923
0.0625895248411411 0.0810564546905285 0.0828199377486089 0.0845999110206581 0.088412168896512 0.0833935454289739 0.0822937547408256 0.0837923036438431 0.0862144015268135 0.0864749224561634 0.0872621169597396 0.0910909580461924
0.0615871236619199 0.0800540580732021 0.0872582548526796 0.0873659805010271 0.0892881914851224 0.087262392050525 0.0854429058558953 0.0851129229270889 0.0855380936444886 0.0829927301767528 0.0848190503722303 0.0832782963990679
0.026545569382264 0.0345565458416265 0.048569447324518 0.0641437982545804 0.0788201209553151 0.0836762037873548 0.0912702566362456 0.102877219536074 0.110351296516791 0.114169201533538 0.121355563182685 0.123664777049008
0.0450993101401283 0.0551545375874209 0.0690924729100438 0.0750924499111899 0.0833452662971575 0.0842769671316064 0.0895490679645573 0.0939679244234897 0.0964062830783609 0.0980923887810875 0.103494430742457 0.106428901032501
0.0322626160266042 0.0403907413470876 0.0547780171675154 0.0666126953102737 0.0802306562884958 0.0884899875945818 0.0909503709687847 0.100177579529679 0.107026653639817 0.110299765617824 0.113750998389887 0.115029918119449
0.0658221727891312 0.0794617259123285 0.0835492071810063 0.0821091191443752 0.0838854007807467 0.083763864625802 0.0844444374256716 0.0851498744953036 0.0864709059749664 0.088099526034279 0.0898229163413671 0.0874208492950223
0.0344807507333953 0.0462767520787425 0.059467635547977 0.0673000703682308 0.078933734539943 0.0831213147549847 0.0888160167766527 0.0987324229400401 0.104775919421961 0.107321528895978 0.115194100537544 0.115579753404551
0.0409428355768986 0.0547387603068752 0.0675714140869746 0.0729671329012281 0.082319352519992 0.0817474602154221 0.0895288973298968 0.0957844704563989 0.10093629365066 0.101170508079237 0.10528218063522 0.107010694241197
0.0264585336215889 0.0353833464809379 0.0496176758312936 0.0616009661198927 0.0761070310579465 0.0808778273430185 0.0909419347598254 0.102770850199598 0.111034669976703 0.114823179071761 0.123659380097605 0.126724605439829
0.0285502359705032 0.0500174013641711 0.0632887254236265 0.0717531325569933 0.0821583653342234 0.0845531794539872 0.0900735411561843 0.0991194708792495 0.103988562456827 0.1055678290238 0.110170236221735 0.110759320158699
0.0442552467412156 0.0575689486893885 0.0718939723264286 0.0735489695742708 0.0801918553060893 0.0809708941006265 0.087608630134146 0.0959417760369615 0.0998710874345601 0.0998686113038971 0.103210700818533 0.105069307533883
0.0271621122891491 0.0372851872693057 0.0530021807752613 0.0649687046559789 0.0780154460292634 0.0833494641724176 0.0903139017190187 0.102693961846847 0.108983492458869 0.112419537905626 0.120161978571848 0.121644032306415
0.0620174195104079 0.0824919823088848 0.0859102727013114 0.0848665088610041 0.0878666920242865 0.0843684605159377 0.0852380735503847 0.0876105710288119 0.0863054398349985 0.084610227803849 0.0855166216345981 0.0831977302255254
0.0454897961715261 0.0627169920838306 0.0738622042681509 0.0765702931219218 0.0834329561970473 0.0822387104167975 0.0868013299776799 0.0928062693910222 0.0966918889137019 0.0978271662020276 0.100461275369677 0.101101117886617
0.0257107678507018 0.0325052843318911 0.0487514700571752 0.0601486858103754 0.0726906764176661 0.0778916940446138 0.0889659816738937 0.102609833774158 0.112786901104373 0.118774815722536 0.127589397623828 0.131574491588788
0.0468673511710365 0.0614878614544175 0.0744038275840841 0.0814995760252608 0.0871522833990729 0.0856119396073567 0.0855527382195816 0.0915196044190842 0.0961943061673091 0.0961114637720246 0.0969357800368711 0.0966632681439009
0.0508919884410301 0.0723667422376566 0.0848512035021736 0.0855741187879422 0.0897505400815432 0.0877167020309977 0.0861513571034623 0.0889049252492494 0.0902137305632596 0.0884284282789335 0.0887585134764743 0.0863917502472776
0.0297935368836457 0.0406558624043301 0.0548491557889749 0.0638005067667621 0.0771088421521145 0.0815791844823188 0.0902128387185894 0.100881882038419 0.108269604135072 0.112115362671304 0.11880992044151 0.12192330351696
0.0283204983115593 0.0376692783506149 0.0520842269163393 0.0630214144354069 0.0768001673761792 0.081645514316767 0.0904916454050299 0.102677779132142 0.109652140224925 0.113429982411852 0.119939787987996 0.124267565131189
0.0353145430661111 0.0480047954207116 0.0606261558257493 0.0665447326822062 0.0760612758007555 0.0790682649841994 0.0884276705503406 0.0974355427170026 0.104359730709477 0.107822274000602 0.116587747523565 0.11974726671928
0.0295536205901789 0.0390912769209624 0.0524228178571991 0.0630127342884941 0.0773266976705833 0.0822160682234499 0.0904416807451826 0.10217997246882 0.109180525410496 0.112582311511775 0.120613554890098 0.121378739422761
0.0232811925637954 0.0311259380616945 0.0472139703425567 0.0602969654858756 0.0760331724572345 0.0822922978822726 0.0922684979598444 0.10494196009717 0.113146839559614 0.116701592346584 0.125587961959886 0.127109611283471
0.0603676508834213 0.0834740815827354 0.0883717690111432 0.0871279242877085 0.0874456342762884 0.0841873389415636 0.0842005024216192 0.0866942290337019 0.0856170752952174 0.0837819666239417 0.0850382074812977 0.0836936201613617
0.0539804651924287 0.0741016985502674 0.0808289402635707 0.08337132644042 0.0863822082301635 0.0869963900255573 0.0874241896877823 0.088342594856594 0.0894700792768099 0.0882919481051403 0.0908614258951868 0.0899487334760792
0.0386870165007589 0.0557504023262831 0.0648442215862966 0.0706535051965022 0.0757660732243728 0.0794198733978381 0.0871326611838865 0.0950726302115634 0.100722398256268 0.103752372714994 0.112909715059497 0.11528913034174
0.029357562410732 0.0387695848354556 0.0551412067750767 0.0689411227873123 0.0853044079810326 0.0849471346576527 0.0900725610488932 0.100835717416496 0.108915725316611 0.109944568172209 0.116296432622926 0.111473975975602
0.0250654320519898 0.0318238856442093 0.0475753515936896 0.0631655235130068 0.0812071071339618 0.0821579877026498 0.0899573805359004 0.10300829844469 0.110073623290541 0.116468268330387 0.125719813566986 0.123777328191987
0.0352762239929593 0.0499691536475677 0.0634451053074877 0.0701385491924138 0.0794192945460394 0.0813295010164232 0.0891861054807162 0.0990870047469797 0.104699429684509 0.104836991669636 0.109801981519609 0.112810659195659
0.0532267849404261 0.0730072918999413 0.0792951672762091 0.0819374038675907 0.0864049546564091 0.0843193547333368 0.0842959174422376 0.0909411329702155 0.0913953555588366 0.0911835227651084 0.0900801715441668 0.0939129423455221
0.0389957336343637 0.0553244180034119 0.066360261238222 0.0725036231634575 0.0814215250012801 0.0828146255227448 0.0877954355840005 0.0963713451671259 0.100596289016996 0.102630112856351 0.106727511983101 0.108459118828946
0.0514636836821683 0.0689070649443463 0.0771156565980151 0.0787202302542247 0.0824027977071671 0.0814504276752849 0.0855556676129866 0.090017755435513 0.093039029026645 0.0940193698975965 0.0986968986447066 0.0986114185213458
0.031030136345066 0.0427664089695532 0.0554974508646901 0.0650064307056337 0.0766482459704187 0.0798512418924844 0.0870604559619928 0.100312137318407 0.107548063064349 0.111055301012877 0.119888274454215 0.123335853440313
0.0536076343809099 0.0773595758742141 0.0825333947746293 0.0833636892478223 0.0857778370939103 0.0843330709342406 0.0863103908817768 0.0883395722562093 0.0889923621136077 0.0878253421302621 0.0901893395342859 0.0913677907781316
0.0331444969143266 0.0452412144310069 0.0574451221677342 0.0676392129717971 0.0782316839646033 0.0813112122055328 0.0893181111871046 0.0990360409301566 0.105882663466574 0.109522872141449 0.113978087435826 0.11924928218389
0.091209792774101 0.102991135495046 0.0997639232181914 0.0933243339922567 0.0887347015307046 0.0829294613799065 0.0785065138056966 0.0766125333615799 0.0747741954172564 0.071358793626179 0.0707355795386191 0.0690590358604628
0.0567591985654983 0.0759290943892039 0.0842255950847228 0.0849955204852238 0.0894633576884557 0.0852967555425171 0.0862414097465305 0.0887299362104246 0.0895828506776744 0.0870577829766457 0.0871684965968797 0.0845500020362237
0.0522111056505388 0.0708587059386297 0.0809986556353467 0.0821408858861963 0.0884168203242924 0.0858797055579548 0.0861273160722148 0.0907074738449735 0.0905062512437791 0.090283477873825 0.0915187656948646 0.0903508362773843
0.0814769101912009 0.0877598220398459 0.0889457013756642 0.085293250612802 0.0865102147676459 0.0936828423506539 0.0790022564893242 0.0782062797307732 0.0796887478085547 0.0778341470812911 0.0828480260685897 0.0787518014836543
0.0515664917947521 0.0688973216800792 0.0774069827018335 0.0805065910422692 0.0868001830066791 0.0851966734961039 0.0859407433448929 0.0910809968699353 0.092867425959531 0.092033107377085 0.0944489273190943 0.0932545554077445
0.0401015779359735 0.0461526500410996 0.0559276258787805 0.0641200169703774 0.0747258827470643 0.0805981989834018 0.0859596405549236 0.0923498185888057 0.10188827980354 0.112634106518067 0.124057697761618 0.121484504216349
0.04640439211553 0.0609956883634988 0.0690725151123534 0.0731497697138186 0.0792274751707095 0.0803634925013345 0.0864085980003329 0.0935459060006165 0.0985106783545358 0.0994307184152883 0.105450347656667 0.107440418595315
0.0293334453440726 0.0370914628531695 0.0520069066049666 0.0645527659153247 0.077864914289021 0.0848706320122705 0.0925523588510845 0.1026028667205 0.108622932255797 0.111817355055375 0.119315225436631 0.119369134661787
0.0390971915929645 0.0486783567744777 0.0605767340952128 0.0702965862840917 0.0813070641334047 0.0834021116286863 0.0886698048725949 0.0976127538108402 0.103083650883291 0.104675125588239 0.111418554739578 0.111182065596618
0.032891361248771 0.0390240434133241 0.0552736360437539 0.0650613925217013 0.0790311648073694 0.085126094531106 0.0908881580451281 0.100337436871366 0.107080362928027 0.109359050098292 0.115087126906235 0.120840172584926
0.032021167174577 0.0404439334481428 0.0555924659218003 0.0672188759402121 0.0804210678475492 0.0834928186593539 0.0889666849629447 0.100072509975054 0.107021878253584 0.109385360678208 0.116849162494509 0.118514074644064
0.0372628919524856 0.050022757017554 0.0617327183672119 0.0695587983409146 0.0802457673222156 0.0825795302411668 0.0884829901773623 0.0972013799489548 0.102625801179601 0.105663286301893 0.112145150161979 0.112478928988661
0.045553602440273 0.0597482355995654 0.0705756333689039 0.0778519075788862 0.0852879808805906 0.0860690785758361 0.0889733408206059 0.0925965876090531 0.0966987274133445 0.0959092307768349 0.0995271604871965 0.10120851444891
0.028113599452727 0.043442743994522 0.0551215968182721 0.0632144451522284 0.0731900075851965 0.0773355651467289 0.0864606490489101 0.0991797679467179 0.107518157458131 0.1126732160306 0.123317638595106 0.130432612770859
0.0410778067255688 0.0562515065629583 0.0656394035728331 0.0714030600019466 0.079477639420472 0.0816611569844875 0.0876661340687292 0.094499094032518 0.100143928200754 0.102590530425785 0.108326053989362 0.111263686014585
0.05604856281192 0.0740869696433392 0.0818563771871028 0.0840228663556033 0.087368609009796 0.0845338773204087 0.0866591434804388 0.0886053990942293 0.0897740864523713 0.0894879569188657 0.0896899571928124 0.0878661945331124
0.045093362429525 0.0614349052180591 0.0706918616712447 0.0757478326421142 0.0835134977520647 0.0844115445023342 0.0875319065526506 0.093019919509416 0.0962317507127919 0.0977845911590958 0.101362710344496 0.103176117506207
0.0314502251390322 0.0409622955322203 0.0549873760742511 0.0662645127609995 0.0797716082277539 0.0823579135764138 0.0900474870430936 0.0998273869728954 0.108837219508951 0.110169949040579 0.118080755400604 0.117243270723206
0.0268005873422579 0.0331129304756741 0.0491217207673502 0.0636892961531006 0.0799989706761761 0.0833664238927627 0.0929912654772488 0.103094396652925 0.110112985137908 0.113759405938734 0.120949126776126 0.123002890709736
0.0397283743914789 0.0524524269065676 0.0624112065856437 0.0695705981715101 0.0778141492133048 0.081350772251196 0.0868097137589283 0.0956377337663542 0.102364117138592 0.104946239087962 0.111957480185699 0.114957188542763
0.0323951354500328 0.0451698060285767 0.0577248050849596 0.0675036380431277 0.0786247660860933 0.0819095757658724 0.0884072708577937 0.0986723193725292 0.10592325950803 0.108930291627621 0.116349529832318 0.118389602343045
0.0263744967103515 0.0355949187246287 0.0512762127503181 0.0653196414417674 0.0801017506951276 0.0842557050735433 0.0912914702951676 0.10307652846388 0.110003987836523 0.112958076317045 0.119398385883836 0.120348825807812
0.0285964620272569 0.0387315229131452 0.0519036935716547 0.061594959730044 0.0752663825036305 0.0802623590128809 0.0881627109904563 0.0999813317372357 0.108299156718582 0.114114720233555 0.123623507835882 0.129463192725676
0.0418720319474281 0.0539030530909438 0.0616615802654264 0.0676759045310833 0.0764807430483956 0.0791316217564561 0.0849096132245773 0.0950635625895099 0.104091932252421 0.105802649213464 0.112932585347885 0.11647472273241
0.028368785554615 0.0363231244933362 0.0506018683297484 0.0634568158964728 0.0782060466829203 0.082143788849672 0.0906340463951353 0.102029263496526 0.110482907354631 0.113544721748717 0.120277177071748 0.123931454126478
0.0497207356630232 0.0693551885697598 0.078892385719371 0.0827171607342934 0.0878714234520309 0.0867173867093301 0.0876925681942698 0.0909745634414261 0.0921305144819543 0.0913533904733248 0.0929788444555146 0.0895958381057021
0.0399083092282473 0.0556054898144939 0.0690735043675443 0.0745409294184832 0.082417783021478 0.0845668579079384 0.0876579982052303 0.0954514012805764 0.100567859273102 0.100710802891648 0.104578387600263 0.104920676990995
0.0249176198875525 0.0327797469368049 0.0499127796285471 0.0641345139394369 0.0787322525862716 0.082633004744708 0.0902234931685753 0.104199472352278 0.112359540824055 0.115469022181285 0.120791464570428 0.123847089180058
0.0398456860525878 0.0589985854078505 0.0705284858314847 0.0750256795789227 0.0825926576732831 0.0856074022142333 0.0885102098273163 0.0949807763854628 0.0993425144931703 0.0997675964834327 0.102399986066332 0.102400419985924
0.0563851686730273 0.0613940752809056 0.0720571588175769 0.0800351449999211 0.0815780758767069 0.0861990623952517 0.091457117406963 0.0910141696901862 0.0927185651156473 0.0933054755007818 0.0975413040001615 0.0963146822428705
0.0477333678487261 0.0664929148750372 0.0747398615170617 0.076977754917504 0.0818848892906945 0.0775670523712083 0.0855584724088445 0.0934432360993087 0.0970772813138715 0.0974135844194364 0.101841152509815 0.0992704324284921
0.0293192743285592 0.0459928397447189 0.0614809425733734 0.0682598522853965 0.0831066321916784 0.0813461703062613 0.100838277715412 0.0975185749877925 0.103700915202281 0.102609081874367 0.111815287396969 0.114012151393191
0.0434372737839201 0.0483206782890229 0.0599856829239249 0.0653267950788079 0.0784603396187435 0.085464248374769 0.0847487454892182 0.0945818298894552 0.100814712414047 0.106427710781028 0.114938054544754 0.11749392881231
0.0737639082617505 0.0834845700502286 0.0866228001431116 0.0846748961599244 0.0851605585681747 0.0819937588474674 0.0814430405592416 0.0842350858024744 0.0847053324453927 0.0846548476646815 0.0853814781511922 0.0838797233463603
0.0476976691332939 0.0603140465411054 0.0707641920039912 0.0754068506653 0.0834697275673059 0.0836590163989727 0.0867329399902136 0.0942636211369092 0.0980093769156891 0.0974883109682231 0.101257685941561 0.100936562737435
0.0435815470527096 0.0548295311709796 0.0659740602789654 0.0743167561998388 0.0821216146188217 0.0831354410369127 0.0898189722021809 0.0951692453969026 0.0998426356094898 0.100951580078923 0.105393097231201 0.104865519123075
0.0663693286633743 0.0737126342173169 0.0797896435016339 0.0800143861500852 0.083612983486637 0.0832039168985879 0.0851823242394117 0.0870460943242948 0.0874817942305657 0.0881103508713392 0.0940176764246756 0.0914588669920779
0.0504395869715417 0.0746386815186192 0.0811678388947206 0.0838812347763669 0.0882633371026453 0.0871934041872047 0.0879998229696162 0.0889323345602654 0.0892540790079869 0.0875702114856333 0.0907707698911005 0.0898886986342993
0.0466183668013572 0.0613316471722566 0.0736291445234471 0.0778759482472855 0.0856884073639744 0.0852592477592972 0.0911171137542494 0.0917994262955745 0.09566137461874 0.0948474406096572 0.0982181679140322 0.0979537149401288
0.0522247944747151 0.0651394693903588 0.0733616030682939 0.0765179178587532 0.0819824275283544 0.0833888239585659 0.0872688104972087 0.0909039352827396 0.0937584214188676 0.0943371749368079 0.0997606805074988 0.101355941077836
0.031360631589053 0.0417795844194448 0.0563676670020926 0.0678722668017496 0.0808432543957936 0.0837423506864286 0.0895402399670418 0.0998151627535347 0.106098304386068 0.109789961881842 0.115608968674759 0.117181607442192
0.0374174578975721 0.0495776747377909 0.0595621578330236 0.0679127840484521 0.0783332027850433 0.081839600227289 0.0879214172330947 0.0966805904077997 0.103238347467993 0.107047472925685 0.11357807498356 0.116891219452697
0.0280490511405733 0.0378814427156841 0.0523555183685434 0.0649729033657578 0.0796541347345138 0.0841563837702144 0.0904304769874936 0.102968244041993 0.110149169007747 0.111983937509775 0.117257847668856 0.120140890688848
0.0346298055252523 0.0445978387459942 0.0582504737695323 0.0684478612579258 0.0809789300243941 0.0846369947925437 0.0909387118529526 0.0991809147815697 0.104033806884911 0.106514070909432 0.112870517669073 0.114920073786419
0.0509203530524395 0.0660741577632923 0.0745419323493194 0.0795306393347658 0.086166420296842 0.086073706105116 0.0883557318293691 0.0912272240263885 0.0927937112849371 0.092204750162699 0.095528686294686 0.0965826875001452
0.0430118319650224 0.0610918392968175 0.0728137590724183 0.0791055395486703 0.0870621623408071 0.0859757636898912 0.0881350919497068 0.0924492213059507 0.0948763824773144 0.095943224989034 0.101174113355634 0.0983610700087334
0.0368997852205683 0.0505377073949999 0.061930314336591 0.0699966831203923 0.0816747426194153 0.0831987523865271 0.0893841054663312 0.0963872352296538 0.102611168907834 0.10484175781116 0.110010188768069 0.112527558738459
0.0524957730848124 0.0674351446332811 0.0772015226520982 0.0797966286066474 0.0866666688726894 0.0851404147187195 0.0868017678410803 0.0902601451297221 0.0931129457481254 0.0919764334436999 0.0945721281275884 0.0945404271415359
0.0471893819237 0.0641911435257838 0.0728916669388398 0.0763678434686431 0.0844082383914439 0.0845952021190558 0.0879182651773895 0.0919565120494918 0.0953973395277842 0.0963111529682715 0.0993829285899713 0.0993903253196252
0.053726058307911 0.0719545955147251 0.0819227270101034 0.084207824407374 0.0880700186943789 0.0835484784207461 0.0864899453012445 0.0900675362476867 0.0918431954969057 0.0900469646050133 0.0930927307638341 0.0850299252300771
0.0404247356345536 0.0515896963115802 0.0619420759074621 0.0684652395303039 0.0791050501894036 0.0825579127760654 0.0876452641228273 0.0952309641646535 0.101903274453348 0.105611590554964 0.11053347402315 0.114990722331689
0.055833554614791 0.0728788301848261 0.0786562503801253 0.0803791317188075 0.084827561765866 0.0838454188500471 0.0842051578005639 0.0887043256447776 0.0908727529752786 0.0911875678962798 0.0945675510072816 0.0940418971613554
0.0567847977475958 0.0711784667471394 0.0782966853235285 0.081060806042851 0.0860771752567396 0.0863518194801648 0.0876550143859786 0.0884527232488214 0.0907855994590224 0.0904168538641836 0.0921766716822818 0.0907633867616933
0.0566406501479557 0.0694276492777927 0.0756208434147037 0.0784483981890302 0.0846875833738468 0.0852983530369905 0.0855177568151037 0.0892195899909512 0.0924889059493199 0.0938076737188442 0.0944518358693356 0.0943907602161258
0.0668556783212014 0.0783200091267391 0.0831581944644924 0.0826852738881503 0.0875654367952718 0.0854142634191413 0.0817724387416838 0.085688534878514 0.0880996395234005 0.0877854527395273 0.0876860786940844 0.0849689994077938
0.0292997873478543 0.0360675754034415 0.0512168788444273 0.0642983255699941 0.0789050891638822 0.08326203180201 0.0890692208030076 0.101971629846557 0.111601456817477 0.112016851391537 0.118365840127897 0.123925312881914
0.0390277684265447 0.0493010547894288 0.0618712245730102 0.0675984518384427 0.079265528754056 0.0827083209642509 0.0877770294156515 0.0970662427971204 0.10352566487111 0.106372749365062 0.111926426729367 0.113559537475956
0.0296084546497442 0.0344848941759212 0.0500507772938403 0.0631694668954588 0.0797946932360647 0.0841600496399968 0.0913701137196533 0.101542354424291 0.109236932479614 0.112442482708802 0.120672920399738 0.123466860376876
0.078278829342467 0.0922205991699159 0.092552856857046 0.0901889977877563 0.0880804376356344 0.0844627616418415 0.0811747389136538 0.0799537973153426 0.0787870355967557 0.0781494775066678 0.0795797347203515 0.0765707335125675
0.0589671399602817 0.0701675481938211 0.0770937731816398 0.0798188836988687 0.0859527077178663 0.0845931353882241 0.0847174902479056 0.0883338234715555 0.0919737804456178 0.0914838587681276 0.0934263840086937 0.0934714749173981
0.0428107909225087 0.0554381141975327 0.0663055176169687 0.0729981610912549 0.0820137242754886 0.082362608792904 0.0866923489331284 0.0936362571932431 0.0984258480899015 0.101351313683168 0.106994383809188 0.110970931394713
0.0530033284038075 0.0665928268225166 0.0766446437006892 0.0780676454150143 0.0833085772791905 0.0818239276951964 0.083129937995404 0.0888518595011488 0.0943931242767737 0.0948144016413247 0.0988694314345468 0.100500295834387
0.0363798022163299 0.0541835605295607 0.066306720731325 0.0713092283664301 0.0791560013270975 0.0803729867492999 0.0872503915065346 0.0952315376200709 0.101074405837232 0.10288364219379 0.110441719054041 0.115410003868288
0.0559665879797749 0.0757644394343945 0.0841252050846966 0.0850572344106492 0.0845606331492611 0.08501891321433 0.0861982618203353 0.0891701549964651 0.0882479967601052 0.0878647632934625 0.0885534967190404 0.0894723131374852
0.0484061137836389 0.0622582265796415 0.0721498409025399 0.0768345771050534 0.0826737014812903 0.0848931828459683 0.0882933073032451 0.0918341641527874 0.0953689751317767 0.0965604789301042 0.10065057519979 0.100076856584164
0.0671667461451682 0.0831656741378242 0.0885389589040364 0.0888980791281465 0.0906631185067279 0.0887395205010593 0.0841708605376676 0.0838478711939301 0.0836612924913171 0.0819525176891252 0.0823178025482314 0.0768775582167661
0.056781113480978 0.076585922871227 0.0853366755239794 0.0850930707319051 0.0883618647253446 0.0858732594179565 0.0846393117567028 0.0876540612915453 0.0883958832585342 0.0867129586958003 0.0895873373603208 0.0849785408857061
0.0285335287688897 0.0394937031028657 0.0537927752702241 0.063592717465346 0.0769180926406669 0.0818854701207379 0.0896952410925839 0.100456492048951 0.109400641553208 0.113073142119554 0.120164439202422 0.122993756614551
0.0461298523314019 0.0621439515515185 0.0710707517488086 0.0750531458761383 0.0818330863593139 0.0830940636529456 0.0859635413752237 0.0940297650193811 0.0974661082403634 0.097414975522165 0.10271123051118 0.10308952781156
0.042684445003004 0.0545652403847306 0.0679316548877766 0.0729875612677872 0.0827753872985564 0.0834578171987668 0.0903531068078157 0.101087856599202 0.100310710311635 0.0998805394929835 0.101874184888007 0.102091495859736
0.055858660695736 0.0780700826994704 0.0845550102152728 0.0856390273359486 0.0888243418046742 0.0873302942845349 0.0840871695460834 0.0880422928854771 0.0880342669459379 0.0858377361606039 0.0873624626331067 0.0863586547931542
0.0795349696724282 0.0924037367925021 0.0900394368894284 0.0867278136075762 0.0843840466529108 0.0818996103441998 0.0819784758329472 0.0799953617626592 0.0768893909838141 0.0799605665108868 0.0821007369627693 0.0840858539878778
0.0440753957605292 0.060267341553545 0.0692596171827296 0.0728681671893872 0.0797044827107255 0.0818078955629128 0.0846725678384179 0.0923100574670314 0.0973937521687762 0.100420706164077 0.105968460904276 0.111251555497593
0.0495739967354797 0.0645695534333311 0.0740353696442634 0.0791464099002339 0.0840114031250602 0.0834827452780541 0.0864105383578131 0.0913841371031966 0.0948541444911846 0.0944856216272974 0.0987235535436086 0.0993225267604772
0.0277828953825982 0.0367573568469491 0.0508480784205225 0.0642983701357589 0.0785994357494226 0.0828442915036321 0.0908118885244042 0.102853479180111 0.109801920736151 0.113113409141403 0.120145527645344 0.122143346733702
0.0285149013282033 0.0371208678879495 0.0524111141831928 0.0639686691741254 0.0783741477119285 0.0825191234196028 0.0890891517156167 0.102018814612032 0.109537773063736 0.113336159097709 0.120940461466011 0.122168816339893
0.0702282179958062 0.090981369307882 0.0924779654141127 0.0902010963187306 0.0894968178982371 0.0858618806921457 0.0827056936959585 0.0827096852680999 0.0812238867479829 0.0793747968850879 0.0785419241833208 0.0761966655926358
0.0650525552338089 0.0804676079059796 0.0839039381572283 0.0830685837258287 0.0850946639191784 0.0833225540007015 0.0824115282028334 0.0857983926579426 0.0873854452738601 0.086837436940517 0.0891925324029647 0.0874647615791567
0.0828874055698231 0.0951867189842912 0.0944811514210633 0.0908204658628852 0.0895392853066083 0.088970937436278 0.0819650258737653 0.0780051467242553 0.0769714198920159 0.0753979955495817 0.0745930407041583 0.0711814066752743
0.0371946034081444 0.0496811382243711 0.0613142952590613 0.0700258128149656 0.0812589866084975 0.083183978700112 0.0880574668745426 0.0977735726979445 0.102547004000628 0.105036335172729 0.111371914046232 0.112554892192773
0.0276648610683048 0.0344113428559837 0.0500650873254731 0.0623519144273824 0.0768300747240626 0.0825717938772696 0.0896478421288535 0.101587479869668 0.109590774405447 0.115085602771408 0.123188385081479 0.12700484146467
0.0543500956458362 0.069806258742268 0.0790452540760296 0.0805943788051581 0.0865052864707665 0.0829551859475594 0.0861054162702331 0.0907216929669211 0.0934282904513623 0.0919897575619018 0.0929643566842481 0.0915340263777158
0.0427218078951495 0.0563514218140882 0.0652046101667095 0.0722090077775487 0.0807070560370836 0.0829125535491445 0.0876956911894852 0.0939669396259185 0.100044557261382 0.10206108701809 0.107409667987952 0.108715599677448
0.0583416151301826 0.0771537801423634 0.082400217247349 0.085048080014726 0.0878328913841073 0.0856267291713279 0.0881208970716703 0.0874779492032481 0.0872458726834569 0.085634467458745 0.0887081752687149 0.0864093252241085
0.0424787497840372 0.0570531266140036 0.0670949464837522 0.0711160377864167 0.0799265195164114 0.0809654683319712 0.0873117035367218 0.0942768877999985 0.0993578124391918 0.102593509453326 0.107999175436184 0.109826062817985
0.0672959831833886 0.0867212767208546 0.0892351648917738 0.0878044288301321 0.0884864003458445 0.0839936115467862 0.0835774447782244 0.0852091929246547 0.0833543609939682 0.0822419824583078 0.0815684867445616 0.0805116665815035
0.0288793191570191 0.0350727270913179 0.05032432484797 0.0647417140820106 0.0791412965588685 0.083743614585759 0.0916531011928003 0.103124914089471 0.109994461583442 0.112492218102801 0.119591383285399 0.121240925423142
0.052295677366393 0.0649886177771462 0.0716743489735318 0.0718673874316847 0.0777262258153739 0.0788793386089214 0.0833756080771707 0.0903106966729584 0.0954737904903042 0.0980767038850721 0.106761169356456 0.108570435544987
0.0406152991299218 0.0549468229025176 0.0639437256362874 0.0695130168875573 0.0781101955174082 0.0810187996878898 0.086927628337786 0.0950591469399318 0.101607612176882 0.103593829141919 0.110735832367855 0.113928091274045
0.0298682820271455 0.0374675504934974 0.0510794633637887 0.0632737422142545 0.0768904251868045 0.0820813901423834 0.0888325341870444 0.101096351708786 0.108755808174698 0.112984722277694 0.122741430572652 0.124928299651252
0.0487692192703741 0.0630332488789777 0.0708105390515743 0.0742205628398683 0.0805403694983765 0.0810723284623859 0.0848270112383084 0.0926976197774949 0.0964762006597639 0.0983838719790108 0.10358021565069 0.105588812693175
0.0303081862330651 0.0482494697984062 0.0593587683373605 0.0679484518048977 0.0788022668801281 0.0819338622080434 0.0863063566543717 0.0987049717009944 0.104404934884639 0.107727060155447 0.116549449417354 0.119706221925293
0.0428461213117588 0.0574611039741489 0.0687024061129233 0.0747679342028305 0.0849862414373632 0.083974379635442 0.0874462722651403 0.0933399105223679 0.0992881961818077 0.0993200194633558 0.102834734081312 0.10503268081155
0.0414321305345489 0.0494026584515485 0.0583318331437292 0.0661801671573017 0.0793970108044992 0.0793291053183885 0.0849718472245676 0.0957194338406333 0.102228854683808 0.105883250050352 0.115190684227923 0.1219330245627
0.060505129610239 0.0736941573637658 0.0782017132080179 0.0805269158821589 0.0862540382850535 0.0855206078947259 0.0824937648121216 0.0886549078833843 0.0909114249418953 0.0901085613262233 0.0929344139999521 0.0901943647924623
0.0535659618442112 0.0659355289896174 0.079541995819305 0.083295207879489 0.0877958299586253 0.0891452018333711 0.0896153562931197 0.0881325294207851 0.0929544261642884 0.090357682577614 0.0901383769955618 0.089521902224012
0.0418036083112616 0.0490417351591947 0.0600974135815001 0.0682078356537424 0.0800055953095664 0.0849458477948366 0.0862938245928423 0.0984437691111052 0.103395754181962 0.10580310383962 0.10944939422298 0.112512118241388
0.0421835358734822 0.0574169524695778 0.0654905724667724 0.0696735744504108 0.0763448914747416 0.0786467950482311 0.0857656700837882 0.0948303739271567 0.101326211621974 0.103488261699379 0.111585793220685 0.113247367663801
0.0472654619014522 0.0619214767175682 0.0709701243024428 0.0774673438936272 0.0832217425862364 0.0833263154001527 0.0861983560239792 0.0944548485745729 0.0976511081813917 0.0966653321539879 0.100519980182337 0.100337910082251
0.0671698308558984 0.0782447209714456 0.0828703586961528 0.0831892892073586 0.0860409864808395 0.0827043233777722 0.0842626420047198 0.0872160884628094 0.0872159455344758 0.0868475955511763 0.0887465211347024 0.0854916977226493
0.0400048803261802 0.0532155431585028 0.0648225967560847 0.0729800109903439 0.0821038147530122 0.0845066914477857 0.0896431570335796 0.0980079141376855 0.10043797067658 0.102290986434863 0.105494102364833 0.106492331920549
0.0589808792401589 0.069489246276311 0.0761577073365421 0.0781231745214311 0.0828178208497766 0.0826493480251791 0.085134009554002 0.0897772676251788 0.0911497125074345 0.0921395562958353 0.0992147571864112 0.0943665205817394
0.0256511305132321 0.0363953669304591 0.0499960864501483 0.0606231020813018 0.075273277733464 0.0805181853198723 0.0877374868110091 0.100369486249784 0.10973904852783 0.116280088977165 0.126026294380301 0.131390446025434
0.0291383926307129 0.0386067062931037 0.053887335858786 0.0653122175284927 0.0799004433423293 0.085222145475462 0.0918188702781734 0.100511115339823 0.107535160442763 0.111166446736294 0.116927873113872 0.119973292960188
0.0389083416545876 0.0564029305246287 0.0686488997242043 0.0736982461601897 0.0835790272608096 0.0846796674966639 0.0914234333280334 0.0959585228105122 0.0976799338612045 0.0995351896926286 0.104459163224255 0.105026644262283
0.0211149308845493 0.0282511320107671 0.0435864225050411 0.0604140480083421 0.0779148565433832 0.0841742738048025 0.0921099926508432 0.103794338614701 0.112911771430598 0.117816587809911 0.12602859008237 0.131883055654691
0.0307232892071428 0.0419019274021903 0.053950013698778 0.0641673464657034 0.0768377053234563 0.0812110383647685 0.0916793701998034 0.0987567307830945 0.105252854642248 0.112029769721248 0.119920822084699 0.123569132106867
0.0447823644339115 0.0664918256428795 0.0756447973381584 0.0794670582777219 0.0868955359343775 0.0851595181638693 0.0906267476409055 0.0918974157093517 0.0936528623815258 0.0935443935996187 0.096398923717275 0.0954385571604051
0.0431432581843549 0.0602542010591562 0.0704698085999617 0.0754126591172434 0.0847232739638367 0.0851532785057195 0.0899160995843935 0.0942865798917391 0.0968143599012103 0.0974655811316212 0.100917937236276 0.101442962824488
0.0429139856487646 0.0531424199585408 0.0653547382763818 0.0730249972275515 0.0822422344967689 0.0851511451056424 0.0900146354970764 0.0954456258076919 0.0989361270755789 0.100603527826508 0.105523854269243 0.107646708810252
0.0345259874701559 0.0458248933474394 0.056666247615735 0.0642739993304166 0.076211605219266 0.0801115923895135 0.0891412495338479 0.0972340090951417 0.104274562724591 0.109551518035354 0.118203137467626 0.123981197770913
